8
2
5
10
ON
Connections:
1: 2 3 4
2: 1 3 5
3: 1 2 4 6
4: 1 3 5 7
5: 2 4 6 8
6: 3 5 7
7: 4 6 8
8: 5 7
30
A NC 1 101 1 1 2
A PT 2 201 2 1 3
A EV 3 301 3 1 2 5
A FV 4 401 4 1 4
A NC 5 102 5 1 2
A PT 6 202 6 2 3
A EV 7 302 7 1 2 4
A FV 8 402 8 2 5
A NC 9 103 1 2 2
A PT 10 203 2 2 3
A EV 11 303 3 2 2 6
A FV 12 403 4 2 4
A NC 13 104 5 2 2
A PT 14 204 6 1 3
A EV 15 304 7 2 2 5
A FV 16 404 8 1 5
A NC 17 105 1 3 2
A PT 18 205 2 3 3
A EV 19 305 3 3 2 4
A FV 20 405 4 3 4
A NC 21 106 5 3 2
A PT 22 206 6 3 3
A EV 23 306 7 3 2 6
A FV 24 406 8 3 5
A NC 25 107 1 4 2
A PT 26 207 2 4 3
A EV 27 307 3 4 2 5
A FV 28 407 4 4 4
A NC 29 108 5 4 2
A PT 30 208 6 4 3


